grid 60 60
propagation loss 1
crossing loss 10
bending loss 3
num net 50
0 57 46 35 22
1 41 22 33 46
2 13 19 43 5
3 15 16 4 0
4 57 21 36 6
5 52 22 54 10
6 17 31 37 19
7 12 43 29 24
8 24 3 8 24
9 57 23 16 29
10 6 52 36 58
11 6 30 0 23
12 53 37 34 58
13 20 16 40 23
14 37 19 20 18
15 2 28 26 50
16 14 19 20 40
17 17 32 14 29
18 40 43 40 1
19 1 42 21 35
20 42 5 41 27
21 5 9 12 0
22 40 38 43 46
23 58 3 26 7
24 35 15 24 42
25 36 57 46 32
26 17 20 59 14
27 29 10 4 33
28 2 36 12 45
29 22 2 1 16
30 47 26 58 23
31 23 15 39 13
32 34 38 24 21
33 10 33 4 36
34 27 6 12 31
35 44 26 25 32
36 6 27 17 8
37 54 49 27 37
38 33 37 31 43
39 0 35 11 28
40 42 15 59 26
41 41 17 50 39
42 44 31 33 37
43 1 43 37 47
44 32 58 8 51
45 27 41 20 22
46 40 52 57 40
47 27 8 0 1
48 23 52 44 53
49 33 9 22 26
